1966.0000000 5563 6423 1020.26 
1966.0849315 5941 6376 1009.96 
1966.1616438 6156 6410 1005.74 
1966.2465753 5673 6396 1016.33 
1966.3287671 5877 6434 1012.48 
1966.4136986 5813 6345 1012.09 
1966.4958904 6055 6304 1005.57 
1966.5808219 5828 6277 1010.25 
1966.6657534 6099 6040 998.90 
1966.7479452 5778 6162 1009.16 
1966.8328767 5703 6220 1012.00 
1966.9150685 5636 6155 1012.39 
1967.0000000 5529 6021 1011.97 
1967.0849315 5630 5961 1008.49 
1967.1616438 6413 6074 993.06 
1967.2465753 5833 6151 1008.16 
1967.3287671 5401 6040 1015.55 
1967.4136986 5622 5996 1009.08 
1967.4958904 5607 6047 1010.35 
1967.5808219 5593 5981 1009.18 
1967.6657534 5534 6037 1011.99 
1967.7479452 6234 6069 996.66 
1967.8328767 5648 6010 1008.75 
1967.9150685 5955 6003 1001.52 
1968.0000000 5728 5953 1005.42 
1968.0846995 5609 5879 1007.28 
1968.1639344 6225 5912 993.75 
1968.2486339 5670 6049 1009.30 
1968.3306011 5405 5984 1014.29 
1968.4153005 5539 5905 1009.00 
1968.4972678 5375 5924 1013.21 
1968.5819672 5462 5942 1011.84 
1968.6666667 5246 5893 1016.19 
1968.7486339 5554 5801 1006.26 
1968.8333333 4958 5623 1017.36 
1968.9153005 5328 5654 1008.21 
1969.0000000 4988 5771 1020.13 
1969.0849315 4905 5730 1021.40 
1969.1616438 5148 5743 1016.03 
1969.2465753 5399 5828 1010.78 
1969.3287671 5126 5686 1014.22 
1969.4136986 5125 5628 1012.73 
1969.4958904 5229 5689 1011.61 
1969.5808219 5159 5785 1015.88 
1969.6657534 5539 5832 1007.24 
1969.7479452 5666 5860 1004.99 
1969.8328767 6150 5850 993.60 
1969.9150685 5112 5864 1019.00 
1970.0000000 5287 5791 1012.95 
1970.0849315 5667 5789 1003.68 
1970.1616438 5521 5794 1007.32 
1970.2465753 5493 5803 1007.58 
1970.3287671 5264 5841 1014.47 
1970.4136986 5069 5698 1015.98 
1970.4958904 5527 5689 1004.15 
1970.5808219 5266 5781 1012.98 
1970.6657534 5601 5869 1006.66 
1970.7479452 5657 5910 1006.50 
1970.8328767 5511 5794 1007.16 
1970.9150685 5608 5939 1008.10 
1971.0000000 5821 5909 1002.52 
1971.0849315 5522 6003 1011.90 
1971.1616438 5462 5955 1012.65 
1971.2465753 5526 6089 1013.39 
1971.3287671 5487 6132 1015.18 
1971.4136986 5865 6254 1008.87 
1971.4958904 5738 6265 1012.11 
1971.5808219 6052 6319 1006.05 
1971.6657534 5765 6323 1012.87 
1971.7479452 6161 6386 1005.51 
1971.8328767 6488 6348 997.78 
1971.9150685 6029 6294 1006.21 
1972.0000000 5091 6227 1027.55 
1972.0846995 5364 6130 1018.50 
1972.1639344 5911 6391 1012.05 
1972.2486339 6152 6445 1006.48 
1972.3306011 5737 6410 1015.41 
1972.4153005 5711 6269 1012.70 
1972.4972678 5746 6356 1013.78 
1972.5819672 5560 6092 1012.53 
1972.6666667 5810 6347 1012.14 
1972.7486339 5934 6353 1009.63 
1972.8333333 6292 6148 997.34 
1972.9153005 5971 6354 1009.14 
1973.0000000 5758 6365 1014.06 
1973.0849315 6442 6333 998.44 
1973.1616438 5893 6308 1009.57 
1973.2465753 5948 6197 1006.00 
1973.3287671 5575 6126 1013.06 
1973.4136986 5762 6262 1011.67 
1973.4958904 5794 6313 1011.82 
1973.5808219 5969 6360 1008.81 
1973.6657534 6018 6472 1010.17 
1973.7479452 6154 6446 1006.66 
1973.8328767 6755 6475 994.88 
1973.9150685 6616 6475 997.66 
1974.0000000 5925 6453 1012.26 
1974.0849315 6290 6480 1004.81 
1974.1616438 5388 6417 1024.43 
1974.2465753 5781 6383 1013.61 
1974.3287671 5644 6281 1014.97 
1974.4136986 5826 6213 1009.10 
1974.4958904 5997 6094 1002.31 
1974.5808219 5804 6194 1008.99 
1974.6657534 5898 6149 1006.00 
1974.7479452 5649 6155 1011.96 
1974.8328767 5782 6192 1009.85 
1974.9150685 6480 6303 996.49 
1975.0000000 6437 6318 998.25 
1975.0849315 5910 6374 1010.58 
1975.1616438 6088 6389 1006.86 
1975.2465753 6047 6429 1008.77 
1975.3287671 5842 6438 1013.54 
1975.4136986 5947 6462 1011.75 
1975.4958904 6039 6447 1009.00 
1975.5808219 5835 6405 1012.80 
1975.6657534 6288 6427 1003.28 
1975.7479452 5787 6420 1014.50 
1975.8328767 5926 6356 1010.06 
1975.9150685 6938 6429 990.25 
1976.0000000 6555 6417 998.08 
1976.0846995 5708 6415 1016.62 
1976.1639344 5673 6418 1017.55 
1976.2486339 5988 6372 1008.84 
1976.3306011 5704 6413 1016.02 
1976.4153005 6037 6442 1008.95 
1976.4972678 6021 6468 1009.93 
1976.5819672 5799 6476 1015.18 
1976.6666667 5986 6488 1011.56 
1976.7486339 5582 6480 1020.53 
1976.8333333 6102 6493 1009.16 
1976.9153005 6030 6469 1010.49 
1977.0000000 5887 6434 1012.48 
1977.0849315 5949 6439 1010.83 
1977.1616438 6024 6454 1009.62 
1977.2465753 6291 6435 1003.41 
1977.3287671 5749 6436 1015.60 
1977.4136986 6051 6432 1008.48 
1977.4958904 5982 6343 1008.17 
1977.5808219 5696 6357 1015.08 
1977.6657534 6009 6368 1008.35 
1977.7479452 5941 6419 1010.81 
1977.8328767 6731 6482 995.73 
1977.9150685 5834 6452 1014.47 
1978.0000000 6199 6343 1003.55 
1978.0849315 5580 6311 1017.27 
1978.1616438 6020 6298 1006.35 
1978.2465753 5584 6185 1014.18 
1978.3287671 5199 6052 1020.57 
1978.4136986 5777 6152 1008.66 
1978.4958904 5791 6159 1008.51 
1978.5808219 5869 6309 1009.91 
1978.6657534 6207 6317 1002.95 
1978.7479452 6123 6221 1002.72 
1978.8328767 6204 6262 1002.07 
1978.9150685 5543 6270 1017.11 
1979.0000000 5612 6179 1013.86 
1979.0849315 5810 6152 1009.25 
1979.1616438 5854 6077 1005.37 
1979.2465753 5386 5953 1013.94 
1979.3287671 5540 5997 1010.97 
1979.4136986 5432 5857 1010.44 
1979.4958904 5559 5863 1007.37 
1979.5808219 5330 5726 1009.86 
1979.6657534 5683 5780 1002.70 
1979.7479452 5218 5882 1016.65 
1979.8328767 5677 5889 1005.72 
1979.9150685 5911 6000 1002.72 
1980.0000000 5403 5973 1014.19 
1980.0846995 5271 5933 1016.67 
1980.1639344 5259 6015 1018.92 
1980.2486339 5411 5912 1012.44 
1980.3306011 5268 5915 1015.92 
1980.4153005 5352 5743 1009.67 
1980.4972678 5367 5744 1009.32 
1980.5819672 5381 5764 1009.67 
1980.6666667 5316 5760 1011.10 
1980.7486339 5435 5651 1005.50 
1980.8333333 5403 5557 1004.73 
1980.9153005 5753 5549 995.43 
1981.0000000 5817 5732 998.71 
1981.0849315 5064 5646 1016.47 
1981.1616438 5407 5618 1005.78 
1981.2465753 5185 5559 1009.69 
1981.3287671 4937 5488 1014.71 
1981.4136986 5337 5646 1007.88 
1981.4958904 5373 5664 1007.36 
1981.5808219 5308 5671 1009.11 
1981.6657534 5195 5753 1014.01 
1981.7479452 5471 5572 1002.82 
1981.8328767 5373 5596 1006.08 
1981.9150685 5654 5710 1002.18 
1982.0000000 5525 5830 1008.10 
1982.0849315 5046 5629 1015.22 
1982.1616438 5475 5815 1008.75 
1982.2465753 5725 5861 1003.70 
1982.3287671 5466 5916 1010.99 
1982.4136986 5225 5629 1010.07 
1982.4958904 4938 5415 1012.56 
1982.5808219 5134 5387 1006.68 
1982.6657534 4999 5258 1007.24 
1982.7479452 4888 5400 1013.84 
1982.8328767 5535 5463 998.69 
1982.9150685 5515 5366 997.31 
1983.0000000 5917 5512 991.13 
1983.0849315 5141 5644 1012.91 
1983.1616438 5572 5762 1005.04 
1983.2465753 5324 5768 1011.05 
1983.3287671 5121 5601 1012.26 
1983.4136986 5282 5707 1010.61 
1983.4958904 5441 5818 1009.31 
1983.5808219 5498 5823 1008.02 
1983.6657534 5648 5864 1005.24 
1983.7479452 6156 5894 994.46 
1983.8328767 5933 5923 1000.57 
1983.9150685 5949 5925 999.98 
1984.0000000 6043 5977 1000.21 
1984.0846995 5054 5953 1023.16 
1984.1639344 5084 5865 1019.97 
1984.2486339 5143 5802 1016.62 
1984.3306011 5145 5672 1013.38 
1984.4153005 5436 5779 1008.50 
1984.4972678 5610 5813 1004.92 
1984.5819672 5452 5894 1010.87 
1984.6666667 5563 5920 1008.71 
1984.7486339 5747 5920 1004.46 
1984.8333333 5312 5902 1014.70 
1984.9153005 5156 5928 1019.50 
1985.0000000 5407 5945 1013.30 
1985.0849315 5192 6034 1020.71 
1985.1616438 5525 6052 1013.33 
1985.2465753 5904 6078 1004.21 
1985.3287671 5442 6100 1015.58 
1985.4136986 5859 6171 1007.10 
1985.4958904 5712 6147 1010.03 
1985.5808219 5886 6149 1006.09 
1985.6657534 6120 6229 1002.68 
1985.7479452 5992 6271 1005.49 
1985.8328767 6001 6340 1008.49 
1985.9150685 6164 6295 1002.23 
1986.0000000 5995 6276 1006.07 
1986.0849315 5218 6160 1021.80 
1986.1616438 5894 6261 1008.40 
1986.2465753 5797 6389 1012.57 
1986.3287671 5926 6408 1009.84 
1986.4136986 5803 6417 1012.77 
1986.4958904 6110 6424 1006.05 
1986.5808219 5932 6432 1010.16 
1986.6657534 6295 6451 1002.64 
1986.7479452 6378 6483 1001.83 
1986.8328767 6287 6391 1001.62 
1986.9150685 6019 6497 1010.01 
1987.0000000 5833 6581 1016.47 
1987.0849315 6485 6603 1001.99 
1987.1616438 5751 6612 1018.90 
1987.2465753 5990 6591 1012.32 
1987.3287671 5990 6549 1011.45 
1987.4136986 6076 6440 1007.11 
1987.4958904 6018 6393 1007.59 
1987.5808219 5988 6337 1006.91 
1987.6657534 6030 6287 1005.18 
1987.7479452 5415 6291 1019.69 
1987.8328767 5658 6245 1012.63 
1987.9150685 6147 6254 1001.78 
1988.0000000 5762 6081 1007.28 
1988.0846995 5659 6143 1011.01 
1988.1639344 5792 6168 1007.91 
1988.2486339 5735 6136 1008.49 
1988.3306011 5456 6152 1015.80 
1988.4153005 5635 6127 1010.52 
1988.4972678 5620 6017 1008.39 
1988.5819672 5800 6021 1004.23 
1988.6666667 5874 6015 1002.75 
1988.7486339 5602 5992 1009.07 
1988.8333333 5860 5969 1002.01 
1988.9153005 5838 5812 998.82 
1989.0000000 5818 5736 997.71 
1989.0849315 5967 5717 994.03 
1989.1616438 5349 5449 1001.80 
1989.2465753 4855 5504 1016.31 
1989.3287671 5031 5402 1008.98 
1989.4136986 4944 5445 1012.46 
1989.4958904 5195 5615 1009.84 
1989.5808219 5299 5537 1005.16 
1989.6657534 5098 5470 1008.83 
1989.7479452 5196 5356 1003.63 
1989.8328767 4897 5226 1008.12 
1989.9150685 5283 5316 1000.54 
1990.0000000 5267 5419 1003.64 
1990.0849315 5860 5441 989.86 
1990.1616438 5529 5373 996.07 
1990.2465753 4900 5266 1009.25 
1990.3287671 4816 5246 1010.85 
1990.4136986 4868 5235 1009.02 
1990.4958904 5009 5381 1008.90 
1990.5808219 4939 5352 1010.12 
1990.6657534 5015 5453 1010.72 
1990.7479452 5236 5551 1007.46 
1990.8328767 5431 5630 1004.42 
1990.9150685 5482 5644 1003.80 
1991.0000000 5482 5774 1006.81 
1991.0849315 5021 5809 1020.38 
1991.1616438 4881 5421 1013.59 
1991.2465753 4972 5469 1012.50 
1991.3287671 5124 5501 1008.89 
1991.4136986 4648 4879 1005.70 
1991.4958904 4570 4920 1009.25 
1991.5808219 4889 5227 1008.38 
1991.6657534 5350 5473 1002.52 
1991.7479452 5101 5534 1010.95 
1991.8328767 5556 5551 999.41 
1991.9150685 5560 5648 1002.16 
1992.0000000 5572 5632 1001.32 
1992.0846995 5522 5591 1001.22 
1992.1639344 5665 5724 1001.25 
1992.2486339 5532 5894 1007.83 
1992.3306011 5331 5846 1012.07 
1992.4153005 5396 5984 1013.43 
1992.4972678 5728 6060 1006.85 
1992.5819672 5801 6029 1004.55 
1992.6666667 5417 5995 1013.21 
1992.7486339 5731 6094 1007.68 
1992.8333333 5851 6057 1004.11 
1992.9153005 6041 6149 1002.38 
1993.0000000 6536 6126 991.61 
1993.0849315 5773 6130 1008.00 
1993.1616438 5780 6048 1006.33 
1993.2465753 5552 6144 1013.35 
1993.3287671 5510 6181 1014.99 
1993.4136986 5917 6213 1005.78 
1993.4958904 5964 6224 1005.10 
1993.5808219 5776 6232 1009.49 
1993.6657534 5659 6273 1013.29 
1993.7479452 5858 6276 1008.97 
1993.8328767 5026 6302 1030.02 
1993.9150685 6423 6288 997.30 
1994.0000000 6341 6299 998.70 
1994.0849315 5282 6195 1021.07 
1994.1616438 6271 6201 998.32 
1994.2465753 5813 6181 1007.62 
1994.3287671 5673 6248 1012.40 
1994.4136986 6177 6254 1000.94 
1994.4958904 5629 6287 1014.09 
1994.5808219 5856 6339 1010.06 
1994.6657534 5984 6370 1007.99 
1994.7479452 6154 6336 1003.43 
1994.8328767 6102 6328 1004.86 
1994.9150685 6269 6315 1000.93 
1995.0000000 6185 6363 1003.35 
1995.0849315 7067 6381 985.15 
1995.1616438 6271 6350 1001.34 
1995.2465753 5932 6376 1008.90 
1995.3287671 5734 6395 1013.39 
1995.4136986 5906 6398 1009.45 
1995.4958904 6017 6402 1007.16 
1995.5808219 5964 6411 1008.44 
1995.6657534 5880 6398 1010.44 
1995.7479452 6119 6371 1004.26 
1995.8328767 6025 6377 1006.57 
1995.9150685 5786 6425 1013.73 
1996.0000000 5341 6432 1023.92 
1996.0846995 5886 6457 1011.59 
1996.1639344 5473 6511 1022.73 
1996.2486339 5776 6533 1015.46 
1996.3306011 5886 6533 1012.92 
1996.4153005 6094 6539 1008.10 
1996.4972678 6209 6541 1005.82 
1996.5819672 5657 6519 1017.80 
1996.6666667 5784 6514 1014.74 
1996.7486339 6127 6484 1006.66 
1996.8333333 6430 6477 999.95 
1996.9153005 6073 6488 1007.96 
1997.0000000 6251 6532 1004.86 
1997.0849315 6681 6551 996.75 
1997.1616438 6389 6558 1002.76 
1997.2465753 6396 6542 1002.08 
1997.3287671 5981 6558 1011.41 
1997.4136986 5996 6549 1010.68 
1997.4958904 5853 6546 1013.76 
1997.5808219 5784 6579 1016.00 
1997.6657534 6340 6574 1003.91 
1997.7479452 6401 6538 1001.65 
1997.8328767 5781 6489 1014.61 
1997.9150685 5942 6518 1011.40 
1998.0000000 6210 6526 1005.67 
1998.0849315 6576 6536 998.45 
1998.1616438 6029 6543 1010.20 
1998.2465753 5766 6389 1012.53 
1998.3287671 5780 6280 1009.95 
1998.4136986 5817 6308 1009.62 
1998.4958904 6255 6382 1001.28 
1998.5808219 5991 6299 1005.54 
1998.6657534 5788 6380 1012.26 
1998.7479452 6446 6433 999.19 
1998.8328767 5582 6385 1017.01 
1998.9150685 6135 6337 1003.55 
1999.0000000 5956 6249 1005.34 
1999.0849315 6279 6248 998.54 
1999.1616438 5678 6263 1012.27 
1999.2465753 5910 6313 1007.87 
1999.3287671 5631 6291 1013.63 
1999.4136986 5722 6341 1012.55 
1999.4958904 5993 6386 1007.27 
1999.5808219 5801 6243 1008.50 
1999.6657534 5526 6120 1012.67 
1999.7479452 5751 6063 1006.35 
1999.8328767 5673 6039 1007.59 
1999.9150685 6234 5950 992.77 
2000.0000000 6163 6013 996.21 
2000.0846995 6096 5961 996.49 
2000.1639344 5918 5880 998.62 
2000.2486339 5471 5900 1009.42 
2000.3306011 5330 5779 1009.87 
2000.4153005 5395 5670 1005.69 
2000.4972678 5235 5569 1007.29 
2000.5819672 5300 5654 1007.63 
2000.6666667 5117 5717 1014.11 
2000.7486339 5251 5833 1013.52 
2000.8333333 5169 5694 1012.04 
2000.9153005 5501 5742 1004.83 
2001.0000000 5313 5817 1011.37 
2001.0849315 5551 5959 1008.95 
2001.1616438 5721 6024 1006.01 
2001.2465753 5389 5736 1007.54 
2001.3287671 5480 5885 1008.61 
2001.4136986 5575 5929 1007.23 
2001.4958904 5536 5959 1008.88 
2001.5808219 5423 5857 1009.42 
2001.6657534 5326 5857 1011.86 
2001.7479452 5471 5771 1006.31 
2001.8328767 5777 5854 1001.41 
2001.9150685 5277 5907 1015.00 
2002.0000000 5641 5735 1001.47 
2002.0849315 6381 5910 988.90 
2002.1616438 5716 5845 1002.94 
2002.2465753 5108 5848 1017.25 
2002.3287671 5235 5859 1014.11 
2002.4136986 5531 5908 1007.87 
2002.4958904 5371 5808 1009.64 
2002.5808219 5070 5684 1014.40 
2002.6657534 5296 5780 1010.85 
2002.7479452 5281 5825 1012.56 
2002.8328767 5067 5728 1015.83 
2002.9150685 4904 5756 1021.22 
2003.0000000 5779 5810 999.99 
2003.0849315 5067 5807 1017.44 
2003.1616438 5358 5844 1011.00 
2003.2465753 5023 5821 1019.19 
2003.3287671 5363 5772 1008.80 
2003.4136986 5243 5654 1009.24 
2003.4958904 5212 5750 1012.31 
2003.5808219 5454 5799 1007.46 
2003.6657534 5424 5849 1009.52 
2003.7479452 5589 5762 1003.59 
2003.8328767 4863 5435 1014.30 
2003.9150685 5860 5800 998.22 
2004.0000000 5440 5755 1006.87 
2004.0846995 5754 5922 1003.07 
2004.1639344 5413 6042 1014.44 
2004.2486339 5429 6105 1015.12 
2004.3306011 5792 6166 1007.61 
2004.4153005 5870 6163 1005.79 
2004.4972678 5612 6077 1010.03 
2004.5819672 5650 6114 1009.91 
2004.6666667 6018 6153 1002.48 
2004.7486339 5798 6296 1010.44 
2004.8333333 5998 6135 1002.36 
2004.9153005 6314 6182 996.74 
2005.0000000 6091 5959 996.61 
2005.0849315 5414 6134 1016.41 
2005.1616438 5623 6179 1011.88 
2005.2465753 5736 6233 1010.47 
2005.3287671 5687 6092 1008.40 
2005.4136986 5745 6207 1009.55 
2005.4958904 5718 6166 1009.24 
2005.5808219 5717 6114 1008.12 
2005.6657534 5629 5945 1006.54 
2005.7479452 5578 6233 1014.29 
2005.8328767 6167 6306 1002.59 
2005.9150685 5822 6308 1010.68 
2006.0000000 5433 6330 1020.29 
2006.0849315 5779 6404 1013.02 
2006.1616438 5976 6478 1010.47 
2006.2465753 6047 6487 1008.80 
2006.3287671 6016 6515 1010.43 
2006.4136986 5937 6512 1011.53 
2006.4958904 5834 6494 1013.51 
2006.5808219 5999 6499 1009.81 
2006.6657534 6106 6494 1007.51 
2006.7479452 6185 6546 1007.05 
2006.8328767 6357 6528 1002.72 
2006.9150685 6559 6445 997.03 
2007.0000000 7042 6578 990.11 
2007.0849315 5878 6551 1013.92 
2007.1616438 6201 6588 1008.15 
2007.2465753 6339 6650 1005.99 
2007.3287671 6415 6651 1004.11 
2007.4136986 6224 6655 1008.58 
2007.4958904 6440 6645 1003.27 
2007.5808219 6226 6637 1007.85 
2007.6657534 6349 6652 1005.65 
2007.7479452 6004 6656 1013.36 
2007.8328767 6442 6647 1003.48 
2007.9150685 6324 6671 1007.05 
2008.0000000 6359 6646 1006.26 
2008.0846995 6455 6629 1003.79 
2008.1639344 6724 6630 997.29 
2008.2486339 6004 6640 1012.68 
2008.3306011 5854 6631 1015.92 
2008.4153005 6295 6635 1006.25 
2008.4972678 6189 6651 1008.93 
2008.5819672 6372 6656 1005.67 
2008.6666667 5938 6678 1016.38 
2008.7486339 6777 6698 998.28 
2008.8333333 6803 6724 998.88 
2008.9153005 6163 6722 1011.86 
2009.0000000 6415 6737 1006.82 
2009.0849315 6282 6736 1009.55 
2009.1616438 6365 6779 1008.32 
2009.2465753 6126 6818 1014.25 
2009.3287671 6282 6825 1011.21 
2009.4136986 6236 6813 1011.89 
2009.4958904 6428 6804 1007.41 
2009.5808219 6305 6803 1010.23 
2009.6657534 6639 6818 1003.59 
2009.7479452 6320 6838 1011.03 
2009.8328767 6531 6833 1006.45 
2009.9150685 6216 6843 1013.26 
2010.0000000 5847 6810 1021.20 
2010.0849315 6229 6717 1010.24 
2010.1616438 6512 6655 1002.97 
2010.2465753 6082 6599 1011.23 
2010.3287671 6129 6629 1010.68 
2010.4136986 6208 6609 1008.36 
2010.4958904 6078 6598 1010.91 
2010.5808219 6137 6577 1009.31 
2010.6657534 6050 6577 1011.39 
2010.7479452 6336 6603 1005.92 
2010.8328767 6250 6574 1007.72 
2010.9150685 5981 6533 1012.24 
2011.0000000 6324 6558 1005.00 
2011.0849315 5860 6529 1015.45 
2011.1616438 6269 6507 1005.58 
2011.2465753 5981 6384 1008.88 
2011.3287671 5898 6458 1012.39 
2011.4136986 5859 6292 1009.56 
2011.4958904 5877 6346 1010.19 
2011.5808219 5911 6362 1009.96 
2011.6657534 6164 6355 1004.25 
2011.7479452 6152 6320 1004.34 
2011.8328767 5992 6397 1009.56 
2011.9150685 6978 6485 990.24 
2012.0000000 5883 6394 1012.95 
2012.0846995 5744 6321 1014.54 
2012.1639344 5814 6161 1008.02 
2012.2486339 6189 6367 1003.73 
2012.3306011 5897 6387 1010.87 
2012.4153005 6016 6300 1006.09 
2012.4972678 5840 6116 1006.18 
2012.5819672 5649 6148 1011.42 
2012.6666667 6152 6241 1001.92 
2012.7486339 6072 6234 1003.73 
2012.8333333 6035 6260 1005.24 
2012.9153005 5637 6304 1015.64 
2013.0000000 6072 6321 1005.74 
2013.0849315 5735 6326 1013.75 
2013.1616438 5651 6271 1014.35 
2013.2465753 5959 6279 1007.05 
2013.3287671 5555 6102 1012.58 
2013.4136986 5626 6094 1010.74 
2013.4958904 5648 6115 1010.59 
2013.5808219 5667 6153 1010.98 
2013.6657534 5642 6192 1012.49 
2013.7479452 6088 6260 1004.11 
2013.8328767 6370 6230 997.11 
2013.9150685 6280 6175 998.01 
2014.0000000 5414 6204 1018.76 
2014.0849315 5874 6091 1004.91 
2014.1616438 5942 6134 1004.83 
2014.2465753 5732 6163 1009.99 
2014.3287671 5619 6213 1013.54 
2014.4136986 5649 6128 1010.91 
2014.4958904 5551 6170 1014.21 
2014.5808219 5960 6230 1005.99 
2014.6657534 5614 6161 1012.88 
2014.7479452 5512 6164 1015.40 
2014.8328767 5344 6145 1019.04 
2014.9150685 6118 6020 998.21 
2015.0000000 6145 6071 999.19 
2015.0849315 6001 6084 1002.26 
2015.1616438 5529 6003 1012.09 
2015.2465753 5902 6057 1003.53 
2015.3287671 5892 6130 1005.25 
2015.4136986 5891 6114 1004.93 
2015.4958904 5979 6187 1004.60 
2015.5808219 5530 6196 1015.32 
2015.6657534 5619 6197 1013.50 
2015.7479452 5575 6212 1014.98 
2015.8328767 6345 6237 997.81 
2015.9150685 6262 6276 1001.03